950
1467
1627
2796
2932
3131
3140
3380
3838
4074
4778
4919
5077
5325
5381
6242
6762
6969
8788
8915
9295
10325
10342
10644
11002
11771
13005
13135
13220
13749
14035
14259
14353
14530
14634
15195
15415
15565
15768
16060
16540
16613
18325
18538
18550
18586
18665
18753
18942
19091
19287
19639
19981
20694
20738
21058
21482
21634
21785
22228
23067
23155
23561
23725
23758
24460
25006
25103
25848
26524
27386
27415
27436
27658
28293
28303
28678
28705
29035
29116
29973
30392
30835
31347
32095
32393
33029
33099
34473
34625
35813
36325
36699
36772
36863
37150
37295
37341
37854
38224
38320
39271
39427
39513
39972
40036
41552
41856
42377
42730
42948
43189
43517
43553
43943
43993
44945
46004
46996
47015
47186
47547
48210
49584
50532
51352
51720
52299
52628
52657
52867
53046
53469
53494
53982
54118
54526
54718
54743
54942
54988
55990
56026
56586
56611
56703
56889
58586
58897
59619
59979
60628
61002
61442
61902
62346
63110
63124
63350
63753
63882
64055
65031
65037
65517
65836
66292
67908
69210
69291
69326
69421
69553
69880
70034
70771
70885
71179
71502
72091
72280
72510
72580
72642
73125
73129
73181
73651
73681
73902
74166
74285
74344
74404
74852
75375
75675
76054
76330
77566
77854
77871
78739
78977
79257
79260
79599
80111
80176
80752
80879
81023
81451
81493
81598
82613
82821
82935
83471
83543
84127
84261
84738
84798
85081
85411
85472
86714
86861
87581
87638
87739
87776
88242
88323
88634
88635
89447
89808
89949
90070
90241
90506
90805
91003
91548
91600
92172
92470
92816
94326
94808
94995
95177
95224
95503
95677
96362
97041
97626
97639
97735
97810
97879
98084
98244
99394
100029
100098
101580
101831
101955
102587
102626
102631
102707
103084
103413
103810
104024
104136
104321
104985
106371
106530
106657
107079
108298
108772
109427
110061
110392
110623
111106
111184
111413
111547
111566
111575
111669
112349
112825
112973
113521
113531
113846
113947
114257
114525
115123
115220
115697
116083
116302
116847
117013
117497
118159
118375
118385
118578
118722
118870
119001
119088
119114
119489
119543
119842
120988
121468
121852
122517
122521
123016
123119
124035
124057
124580
124966
125437
125781
125943
126173
126413
126478
126528
126761
126939
127674
127842
128406
128969
128992
130049
130155
130524
130910
131488
131684
132070
132228
132267
132713
132905
134408
134610
134906
135143
135798
136683
137335
138007
138074
139031
139292
139590
139949
140418
140614
140824
140830
140861
141292
141468
141929
142056
142101
142471
142915
142957
143019
143253
143790
144008
144984
145653
145813
145997
147824
148126
148334
149556
150182
150353
150674
150870
150885
152247
152494
152882
153559
154121
154178
154561
155045
155615
155649
155785
157020
157204
157806
157830
157959
158053
158184
158291
158468
159626
160459
160658
160700
160882
160936
161353
161685
162062
162095
162239
162266
163102
163163
163262
163282
163359
164281
164553
164686
164957
165075
165130
166005
166456
166897
166987
167089
167813
168734
168828
168959
169703
170153
170689
171264
171649
171809
171993
172235
172296
172638
172694
172869
173229
173834
173881
174299
174844
175299
175529
176453
176614
176706
176790
176835
177792
178201
178274
180279
180408
180618
180707
181210
182447
182546
182779
183299
183573
183768
183920
183927
184118
184142
184591
185544
185643
185949
186700
186934
187723
187838
188046
188111
188478
188934
189862
190741
191168
191273
191422
192072
192574
193022
193204
193217
193280
194424
194494
194599
195182
195396
195533
195725
195994
196444
196987
197363
198337
198884
198885
199273
199753
200083
200621
201113
201820
202488
202634
202751
203206
203257
203503
204060
205350
206951
207100
207676
207832
209730
210043
210210
210870
211454
211780
212312
212393
213203
213309
213327
213342
213503
213670
213910
213920
214122
214518
215245
215334
216455
216558
216996
217452
217532
217938
218734
219215
219423
219921
220107
220227
220249
220419
220584
221632
222279
222294
222316
222355
223026
223441
223655
224362
224537
225331
225687
226858
226978
227423
228740
228768
229478
229540
230113
231593
232721
232814
233331
233410
233470
233634
233832
234163
235930
236213
236216
236481
236606
236742
236761
237035
237067
237521
238155
238940
239174
239622
240139
241053
241356
241666
242865
243046
244724
244783
245614
245684
245725
245764
245805
245816
246094
246121
246336
246481
246538
247151
247270
248275
249423
249602
250001
250263
250610
250999
251135
252518
252551
252655
253109
253440
253509
253741
253859
253962
254016
254071
254116
254120
254248
254249
254329
254423
254732
254855
255047
255055
256302
256388
257609
257719
258126
258241
258572
258838
258973
259118
259233
259249
260356
260748
260996
261591
262150
262539
262811
263130
263544
263810
264215
265113
265788
266122
266826
266858
266968
267035
267081
267927
267942
268155
268384
269083
269263
269606
269677
270351
270431
271267
271536
272055
272224
273020
273677
273693
273885
274155
274320
274671
274800
275217
275917
276269
276425
276451
276524
276560
277058
277134
278504
278597
278644
278698
278738
278751
278998
279428
280255
280365
280542
280790
281034
281083
281654
281688
283226
283533
283793
284210
284279
284326
284829
285205
285622
285655
285696
286309
286453
286771
286967
287275
288535
289309
289358
289534
289535
289657
290957
291082
291892
292587
292829
292916
293295
293361
294038
294243
294752
294790
295271
295906
296302
296463
296681
296970
297226
297751
297773
297955
298471
298492
298838
298904
299235
299526
299655
299928
300214
300560
300646
301674
301982
303035
303540
304855
305023
305177
305868
306889
307559
307692
308102
309373
309515
309567
309613
309628
309890
310002
310580
310771
310879
310969
311418
311822
312239
312571
313377
313518
313702
314240
314272
314624
315014
315245
315753
316246
316758
317208
317301
317406
317509
317588
317750
318872
319553
320282
320597
320710
320855
320947
320990
321042
321190
321511
321893
322122
322509
323019
323102
323171
323214
323233
323646
324352
324367
324548
324628
324738
324756
325582
326149
326680
327034
327540
327737
327740
327973
328022
328110
328439
329226
329352
329410
329621
329634
330167
330308
330600
331036
331037
331044
331437
331662
332319
332408
332493
332499
332619
332948
333171
333203
333501
334366
334400
334425
334606
335162
336057
336348
336551
337248
337549
337598
337669
337713
337741
337818
337890
338004
338096
338324
339088
339228
339238
339376
339873
340720
340938
341037
341088
341369
341380
341605
342877
343052
343086
343145
343523
343644
343674
343677
343821
344149
344696
344877
345201
345829
345879
346094
346510
346863
347074
347517
347935
347984
348385
349050
349074
349104
349107
350073
350199
350279
351559
351666
351974
352011
352164
352649
353060
353756
354731
354922
355074
355279
355529
355943
355996
356470
356589
356613
356696
357498
357533
357717
357795
357927
357931
358129
358413
359515
359710
360404
360900
361202
361217
361571
361829
362067
362598
362855
363524
364030
364333
364489
365027
365762
365973
366476
366762
367362
367513
367769
368117
368326
368716
369471
369581
369665
369914
370200
370573
370700
371479
372087
372315
372836
373109
373126
373489
373568
374101
374178
374221
374275
374349
374913
375223
375231
375291
375690
375730
375765
375848
375918
376279
376406
376600
376632
376661
376947
377472
377931
377947
378526
379396
380139
380240
380609
380661
381211
381894
382829
383248
383559
383698
383904
384131
384687
385142
385278
385502
385658
385704
385969
386524
386574
386677
386792
387410
387479
387884
387904
388358
388443
388465
388765
388855
389121
389325
389891
390030
390606
390614
392192
392820
393094
393361
393650
394329
394470
394632
395134
395598
395616
395977
397065
397129
397979
398133
398407
398469
398692
398764
398831
398902
399102
399251
399664
400327
400607
401104
401248
401534
401705
402127
402232
402709
402756
403021
403447
403639
403800
403848
404636
407272
407623
407896
408288
408572
408819
409974
410285
410941
411035
411310
411990
412056
413287
413364
413493
413549
414438
414511
414901
415862
416026
416668
416967
417689
417699
417797
418051
418205
418264
418673
419028
419063
419223
419226
419324
420122
420580
420985
421044
421141
421393
421991
422359
422427
422690
422699
422865
423202
423413
423598
423683
423752
424080
425247
425599
426055
426432
427158
428200
429224
429289
429354
430138
430146
430185
430450
430516
430531
430961
431427
431895
432026
432202
432369
432378
432873
433553
433897
433956
434481
434991
434999
435061
435355
436021
436058
436432
436459
437189
437426
437739
437859
438249
438517
439495
439854
440320
442335
442628
442949
443073
443186
443211
443280
443350
444475
445033
445098
445566
445692
445969
446330
446338
446424
446989
447048
447494
449516
450084
450366
450947
451121
451893
452374
452444
452582
452635
453476
453741
453994
454079
454159
454502
454976
455092
455388
455951
455994
456424
456779
457743
457765
458086
458528
458711
459644
460417
460612
460617
461175
461455
461903
462524
462526
462871
463421
464326
465097
465745
465943
466361
466565
466733
467060
467314
468029
468174
468304
468378
468525
468617
468874
470314
470698
471147
471181
471335
471577
471822
472151
472412
472762
472765
472997
473324
473523
473633
474444
474456
474574
474775
475033
475302
476695
476729
476995
477175
477830
478344
478411
478974
479099
479617
479644
480143
481513
481679
482902
483047
483313
483782
484184
484334
484455
484491
484624
484974
485762
485768
486073
486205
486387
486622
486955
487299
487406
487464
487600
487782
488578
489572
489651
489869
490274
491028
491635
491926
492095
492166
492415
493033
493149
493160
493475
493667
493715
493970
494277
494444
494916
495152
495447
495563
496013
496341
496414
496671
497749
497929
498037
498293
498436
498489
498711
499012
499785
499857
499884
500003
500277
500314
500606
500817
501397
503233
503892
503930
505120
505269
505308
505459
505948
506284
506458
508070
508122
508216
508222
508701
509171
509310
509624
510104
510351
510890
510982
511224
511283
511512
512187
512748
512904
513676
513777
514213
514426
514603
514737
514770
515516
515520
515539
515554
515860
516200
516758
517409
517833
518002
518289
518570
519112
519230
519238
519601
520030
520138
520319
520521
520772
521116
521149
521158
521427
521588
521921
522315
522969
523046
523142
523357
524130